[[3.33333333e-01 2.74275471e-01 7.34043506e-03 5.24984187e-02
  0.00000000e+00 1.00000000e+00]
 [1.00000000e+00 1.37137735e-01 2.68552502e-04 0.00000000e+00
  0.00000000e+00 0.00000000e+00]
 [1.00000000e+00 2.98775022e-04 2.68552502e-04 0.00000000e+00
  0.00000000e+00 0.00000000e+00]
 ...
 [1.00000000e+00 0.00000000e+00 1.03840301e-02 0.00000000e+00
  0.00000000e+00 0.00000000e+00]
 [1.00000000e+00 0.00000000e+00 2.68552502e-04 0.00000000e+00
  0.00000000e+00 0.00000000e+00]
 [3.33333333e-01 2.98775022e-04 8.95175007e-05 0.00000000e+00
  0.00000000e+00 0.00000000e+00]]


[[3.33333333e-01 2.74275471e-01 7.34043506e-03 5.24984187e-02
  0.00000000e+00]
 [1.00000000e+00 1.37137735e-01 2.68552502e-04 0.00000000e+00
  0.00000000e+00]
 [1.00000000e+00 2.98775022e-04 2.68552502e-04 0.00000000e+00
  0.00000000e+00]
 ...
 [1.00000000e+00 0.00000000e+00 1.03840301e-02 0.00000000e+00
  0.00000000e+00]
 [1.00000000e+00 0.00000000e+00 2.68552502e-04 0.00000000e+00
  0.00000000e+00]
 [3.33333333e-01 2.98775022e-04 8.95175007e-05 0.00000000e+00
  0.00000000e+00]]


[1. 0. 0. ... 0. 0. 0.]


Classification report for SVC(C=10.0, cache_size=8000, class_weight=None, coef0=1,
  decision_function_shape='ovr', degree=3, gamma=1.0, kernel='poly',
  max_iter=-1, probability=False, random_state=None, shrinking=True,
  tol=0.001, verbose=False)

              precision    recall  f1-score   support

         0.0       0.97      0.99      0.98     62137
         1.0       0.73      0.42      0.54      2973

   micro avg       0.97      0.97      0.97     65110
   macro avg       0.85      0.71      0.76     65110
weighted avg       0.96      0.97      0.96     65110


Confusion matrix
[[61680   457]
 [ 1720  1253]]
('Time:', 616.8139779567719, 'seconds')
